1.00000000e+00  2.19059000e-01  0.00000000e+00  0.00000000e+00  0.00000000e+00  1.84261000e-01  0.00000000e+00  0.00000000e+00  0.00000000e+00  6.97718000e-02  0.00000000e+00  0.00000000e+00  0.00000000e+00  7.91027000e-02  7.91027000e-02  7.91027000e-02  0.00000000e+00  0.00000000e+00  0.00000000e+00  4.81399000e-06  1.94904000e-02  4.26713000e-02  0.00000000e+00  0.00000000e+00  6.43636000e-02  1.29620000e-01  0.00000000e+00  0.00000000e+00  5.27094000e-02  5.55561000e-02  0.00000000e+00  0.00000000e+00  5.26767000e-02  1.13280000e-03  1.13280000e-03  0.00000000e+00  0.00000000e+00  0.00000000e+00  3.20525000e-02  9.16644000e-02  3.20525000e-02  9.16644000e-02  4.30533000e-05  1.42782000e-02  4.30533000e-05  1.42782000e-02  
2.19059000e-01  1.00000000e+00  0.00000000e+00  0.00000000e+00  0.00000000e+00  8.12273000e-01  0.00000000e+00  0.00000000e+00  0.00000000e+00  4.02091000e-01  0.00000000e+00  0.00000000e+00  0.00000000e+00  7.10235000e-01  7.10235000e-01  7.10235000e-01  0.00000000e+00  0.00000000e+00  0.00000000e+00  1.94904000e-02  2.03366000e-01  2.82219000e-01  0.00000000e+00  0.00000000e+00  3.59351000e-01  5.62375000e-01  0.00000000e+00  0.00000000e+00  3.09785000e-01  3.03665000e-01  0.00000000e+00  0.00000000e+00  3.34402000e-01  9.28256000e-02  9.28256000e-02  0.00000000e+00  0.00000000e+00  0.00000000e+00  2.70664000e-01  4.73962000e-01  2.70664000e-01  4.73962000e-01  7.89566000e-03  1.09874000e-01  7.89566000e-03  1.09874000e-01  
0.00000000e+00  0.00000000e+00  1.00000000e+00  0.00000000e+00  0.00000000e+00  0.00000000e+00  5.69754000e-01  0.00000000e+00  0.00000000e+00  0.00000000e+00  1.64679000e-01  0.00000000e+00  0.00000000e+00  0.00000000e+00  0.00000000e+00  0.00000000e+00  0.00000000e+00  0.00000000e+00  0.00000000e+00  -4.26713000e-02  -2.82219000e-01  -3.33594000e-01  0.00000000e+00  0.00000000e+00  -2.53511000e-01  -1.70740000e-01  0.00000000e+00  0.00000000e+00  -6.73317000e-02  5.98522000e-02  0.00000000e+00  0.00000000e+00  -4.13876000e-01  -1.42160000e-01  -1.42160000e-01  0.00000000e+00  0.00000000e+00  0.00000000e+00  1.90665000e-01  1.38279000e-01  1.90665000e-01  1.38279000e-01  -1.52645000e-02  -1.02096000e-01  -1.52645000e-02  -1.02096000e-01  
0.00000000e+00  0.00000000e+00  0.00000000e+00  1.00000000e+00  0.00000000e+00  0.00000000e+00  0.00000000e+00  5.69754000e-01  0.00000000e+00  0.00000000e+00  0.00000000e+00  1.64679000e-01  0.00000000e+00  0.00000000e+00  0.00000000e+00  0.00000000e+00  0.00000000e+00  0.00000000e+00  0.00000000e+00  0.00000000e+00  0.00000000e+00  0.00000000e+00  1.15814000e-01  0.00000000e+00  0.00000000e+00  0.00000000e+00  2.42739000e-01  0.00000000e+00  0.00000000e+00  0.00000000e+00  1.26532000e-01  0.00000000e+00  0.00000000e+00  0.00000000e+00  0.00000000e+00  1.83392000e-01  0.00000000e+00  0.00000000e+00  3.12763000e-01  2.26830000e-01  -3.12763000e-01  -2.26830000e-01  7.44992000e-03  4.98287000e-02  -7.44992000e-03  -4.98287000e-02  
0.00000000e+00  0.00000000e+00  0.00000000e+00  0.00000000e+00  1.00000000e+00  0.00000000e+00  0.00000000e+00  0.00000000e+00  5.69754000e-01  0.00000000e+00  0.00000000e+00  0.00000000e+00  1.64679000e-01  0.00000000e+00  0.00000000e+00  0.00000000e+00  0.00000000e+00  0.00000000e+00  0.00000000e+00  0.00000000e+00  0.00000000e+00  0.00000000e+00  0.00000000e+00  1.15814000e-01  0.00000000e+00  0.00000000e+00  0.00000000e+00  2.42739000e-01  0.00000000e+00  0.00000000e+00  0.00000000e+00  1.26532000e-01  0.00000000e+00  0.00000000e+00  0.00000000e+00  0.00000000e+00  1.83392000e-01  0.00000000e+00  0.00000000e+00  0.00000000e+00  0.00000000e+00  0.00000000e+00  0.00000000e+00  0.00000000e+00  0.00000000e+00  0.00000000e+00  
1.84261000e-01  8.12273000e-01  0.00000000e+00  0.00000000e+00  0.00000000e+00  1.00000000e+00  0.00000000e+00  0.00000000e+00  0.00000000e+00  7.27666000e-01  0.00000000e+00  0.00000000e+00  0.00000000e+00  6.29936000e-01  6.29936000e-01  6.29936000e-01  0.00000000e+00  0.00000000e+00  0.00000000e+00  6.43636000e-02  3.59351000e-01  2.53511000e-01  0.00000000e+00  0.00000000e+00  5.79631000e-01  6.05354000e-01  0.00000000e+00  0.00000000e+00  5.81168000e-01  4.91037000e-01  0.00000000e+00  0.00000000e+00  3.53148000e-01  2.55918000e-01  2.55918000e-01  0.00000000e+00  0.00000000e+00  0.00000000e+00  3.75116000e-01  7.02351000e-01  3.75116000e-01  7.02351000e-01  7.40737000e-02  2.62382000e-01  7.40737000e-02  2.62382000e-01  
0.00000000e+00  0.00000000e+00  5.69754000e-01  0.00000000e+00  0.00000000e+00  0.00000000e+00  1.00000000e+00  0.00000000e+00  0.00000000e+00  0.00000000e+00  5.88690000e-01  0.00000000e+00  0.00000000e+00  0.00000000e+00  0.00000000e+00  0.00000000e+00  0.00000000e+00  0.00000000e+00  0.00000000e+00  -1.29620000e-01  -5.62375000e-01  -1.70740000e-01  0.00000000e+00  0.00000000e+00  -6.05354000e-01  -5.25884000e-02  0.00000000e+00  0.00000000e+00  -2.50193000e-01  2.58780000e-01  0.00000000e+00  0.00000000e+00  -4.22973000e-01  -4.41451000e-01  -4.41451000e-01  0.00000000e+00  0.00000000e+00  0.00000000e+00  2.67879000e-01  3.03675000e-01  2.67879000e-01  3.03675000e-01  -1.76934000e-01  -3.81297000e-01  -1.76934000e-01  -3.81297000e-01  
0.00000000e+00  0.00000000e+00  0.00000000e+00  5.69754000e-01  0.00000000e+00  0.00000000e+00  0.00000000e+00  1.00000000e+00  0.00000000e+00  0.00000000e+00  0.00000000e+00  5.88690000e-01  0.00000000e+00  0.00000000e+00  0.00000000e+00  0.00000000e+00  0.00000000e+00  0.00000000e+00  0.00000000e+00  0.00000000e+00  0.00000000e+00  0.00000000e+00  2.42739000e-01  0.00000000e+00  0.00000000e+00  0.00000000e+00  5.79631000e-01  0.00000000e+00  0.00000000e+00  0.00000000e+00  4.70171000e-01  0.00000000e+00  0.00000000e+00  0.00000000e+00  0.00000000e+00  1.61252000e-01  0.00000000e+00  0.00000000e+00  4.39422000e-01  4.98140000e-01  -4.39422000e-01  -4.98140000e-01  8.63532000e-02  1.86094000e-01  -8.63532000e-02  -1.86094000e-01  
0.00000000e+00  0.00000000e+00  0.00000000e+00  0.00000000e+00  5.69754000e-01  0.00000000e+00  0.00000000e+00  0.00000000e+00  1.00000000e+00  0.00000000e+00  0.00000000e+00  0.00000000e+00  5.88690000e-01  0.00000000e+00  0.00000000e+00  0.00000000e+00  0.00000000e+00  0.00000000e+00  0.00000000e+00  0.00000000e+00  0.00000000e+00  0.00000000e+00  0.00000000e+00  2.42739000e-01  0.00000000e+00  0.00000000e+00  0.00000000e+00  5.79631000e-01  0.00000000e+00  0.00000000e+00  0.00000000e+00  4.70171000e-01  0.00000000e+00  0.00000000e+00  0.00000000e+00  0.00000000e+00  1.61252000e-01  0.00000000e+00  0.00000000e+00  0.00000000e+00  0.00000000e+00  0.00000000e+00  0.00000000e+00  0.00000000e+00  0.00000000e+00  0.00000000e+00  
6.97718000e-02  4.02091000e-01  0.00000000e+00  0.00000000e+00  0.00000000e+00  7.27666000e-01  0.00000000e+00  0.00000000e+00  0.00000000e+00  1.00000000e+00  0.00000000e+00  0.00000000e+00  0.00000000e+00  3.23540000e-01  3.23540000e-01  3.23540000e-01  0.00000000e+00  0.00000000e+00  0.00000000e+00  5.27094000e-02  3.09785000e-01  6.73317000e-02  0.00000000e+00  0.00000000e+00  5.81168000e-01  2.50193000e-01  0.00000000e+00  0.00000000e+00  8.67984000e-01  4.61882000e-01  0.00000000e+00  0.00000000e+00  2.54635000e-01  2.47363000e-01  2.47363000e-01  0.00000000e+00  0.00000000e+00  0.00000000e+00  2.58482000e-01  6.40357000e-01  2.58482000e-01  6.40357000e-01  1.58045000e-01  4.24412000e-01  1.58045000e-01  4.24412000e-01  
0.00000000e+00  0.00000000e+00  1.64679000e-01  0.00000000e+00  0.00000000e+00  0.00000000e+00  5.88690000e-01  0.00000000e+00  0.00000000e+00  0.00000000e+00  1.00000000e+00  0.00000000e+00  0.00000000e+00  0.00000000e+00  0.00000000e+00  0.00000000e+00  0.00000000e+00  0.00000000e+00  0.00000000e+00  -5.55561000e-02  -3.03665000e-01  5.98522000e-02  0.00000000e+00  0.00000000e+00  -4.91037000e-01  2.58780000e-01  0.00000000e+00  0.00000000e+00  -4.61882000e-01  6.22202000e-01  0.00000000e+00  0.00000000e+00  -2.29601000e-01  -2.49594000e-01  -2.49594000e-01  0.00000000e+00  0.00000000e+00  0.00000000e+00  1.09596000e-01  2.26998000e-01  1.09596000e-01  2.26998000e-01  -2.25200000e-01  -5.05665000e-01  -2.25200000e-01  -5.05665000e-01  
0.00000000e+00  0.00000000e+00  0.00000000e+00  1.64679000e-01  0.00000000e+00  0.00000000e+00  0.00000000e+00  5.88690000e-01  0.00000000e+00  0.00000000e+00  0.00000000e+00  1.00000000e+00  0.00000000e+00  0.00000000e+00  0.00000000e+00  0.00000000e+00  0.00000000e+00  0.00000000e+00  0.00000000e+00  0.00000000e+00  0.00000000e+00  0.00000000e+00  1.26532000e-01  0.00000000e+00  0.00000000e+00  0.00000000e+00  4.70171000e-01  0.00000000e+00  0.00000000e+00  0.00000000e+00  8.67984000e-01  0.00000000e+00  0.00000000e+00  0.00000000e+00  0.00000000e+00  2.36690000e-02  0.00000000e+00  0.00000000e+00  1.79778000e-01  3.72362000e-01  -1.79778000e-01  -3.72362000e-01  1.09910000e-01  2.46792000e-01  -1.09910000e-01  -2.46792000e-01  
0.00000000e+00  0.00000000e+00  0.00000000e+00  0.00000000e+00  1.64679000e-01  0.00000000e+00  0.00000000e+00  0.00000000e+00  5.88690000e-01  0.00000000e+00  0.00000000e+00  0.00000000e+00  1.00000000e+00  0.00000000e+00  0.00000000e+00  0.00000000e+00  0.00000000e+00  0.00000000e+00  0.00000000e+00  0.00000000e+00  0.00000000e+00  0.00000000e+00  0.00000000e+00  1.26532000e-01  0.00000000e+00  0.00000000e+00  0.00000000e+00  4.70171000e-01  0.00000000e+00  0.00000000e+00  0.00000000e+00  8.67984000e-01  0.00000000e+00  0.00000000e+00  0.00000000e+00  0.00000000e+00  2.36690000e-02  0.00000000e+00  0.00000000e+00  0.00000000e+00  0.00000000e+00  0.00000000e+00  0.00000000e+00  0.00000000e+00  0.00000000e+00  0.00000000e+00  
7.91027000e-02  7.10235000e-01  0.00000000e+00  0.00000000e+00  0.00000000e+00  6.29936000e-01  0.00000000e+00  0.00000000e+00  0.00000000e+00  3.23540000e-01  0.00000000e+00  0.00000000e+00  0.00000000e+00  1.00000000e+00  3.33333000e-01  3.33333000e-01  0.00000000e+00  0.00000000e+00  0.00000000e+00  5.26767000e-02  3.34402000e-01  4.13876000e-01  0.00000000e+00  0.00000000e+00  3.53148000e-01  4.22973000e-01  0.00000000e+00  0.00000000e+00  2.54635000e-01  2.29601000e-01  0.00000000e+00  0.00000000e+00  4.87216000e-01  1.54963000e-01  1.54963000e-01  0.00000000e+00  0.00000000e+00  0.00000000e+00  2.07129000e-01  3.71459000e-01  2.07129000e-01  3.71459000e-01  1.37730000e-02  1.20267000e-01  1.37730000e-02  1.20267000e-01  
7.91027000e-02  7.10235000e-01  0.00000000e+00  0.00000000e+00  0.00000000e+00  6.29936000e-01  0.00000000e+00  0.00000000e+00  0.00000000e+00  3.23540000e-01  0.00000000e+00  0.00000000e+00  0.00000000e+00  3.33333000e-01  1.00000000e+00  3.33333000e-01  0.00000000e+00  0.00000000e+00  0.00000000e+00  1.13280000e-03  9.28256000e-02  1.42160000e-01  0.00000000e+00  0.00000000e+00  2.55918000e-01  4.41451000e-01  0.00000000e+00  0.00000000e+00  2.47363000e-01  2.49594000e-01  0.00000000e+00  0.00000000e+00  1.54963000e-01  7.53228000e-02  2.51076000e-02  0.00000000e+00  0.00000000e+00  0.00000000e+00  3.61177000e-01  4.08549000e-01  3.61177000e-01  4.08549000e-01  4.51326000e-03  8.22582000e-02  4.51326000e-03  8.22582000e-02  
7.91027000e-02  7.10235000e-01  0.00000000e+00  0.00000000e+00  0.00000000e+00  6.29936000e-01  0.00000000e+00  0.00000000e+00  0.00000000e+00  3.23540000e-01  0.00000000e+00  0.00000000e+00  0.00000000e+00  3.33333000e-01  3.33333000e-01  1.00000000e+00  0.00000000e+00  0.00000000e+00  0.00000000e+00  1.13280000e-03  9.28256000e-02  1.42160000e-01  0.00000000e+00  0.00000000e+00  2.55918000e-01  4.41451000e-01  0.00000000e+00  0.00000000e+00  2.47363000e-01  2.49594000e-01  0.00000000e+00  0.00000000e+00  1.54963000e-01  2.51076000e-02  7.53228000e-02  0.00000000e+00  0.00000000e+00  0.00000000e+00  1.16021000e-01  3.49523000e-01  1.16021000e-01  3.49523000e-01  1.61797000e-03  7.03737000e-02  1.61797000e-03  7.03737000e-02  
0.00000000e+00  0.00000000e+00  0.00000000e+00  0.00000000e+00  0.00000000e+00  0.00000000e+00  0.00000000e+00  0.00000000e+00  0.00000000e+00  0.00000000e+00  0.00000000e+00  0.00000000e+00  0.00000000e+00  0.00000000e+00  0.00000000e+00  0.00000000e+00  1.00000000e+00  0.00000000e+00  0.00000000e+00  0.00000000e+00  0.00000000e+00  0.00000000e+00  -1.83392000e-01  0.00000000e+00  0.00000000e+00  0.00000000e+00  -1.61252000e-01  0.00000000e+00  0.00000000e+00  0.00000000e+00  -2.36690000e-02  0.00000000e+00  0.00000000e+00  0.00000000e+00  0.00000000e+00  -3.14243000e-01  0.00000000e+00  0.00000000e+00  2.58857000e-01  6.23253000e-02  -2.58857000e-01  -6.23253000e-02  -1.02751000e-02  -4.21768000e-02  1.02751000e-02  4.21768000e-02  
0.00000000e+00  0.00000000e+00  0.00000000e+00  0.00000000e+00  0.00000000e+00  0.00000000e+00  0.00000000e+00  0.00000000e+00  0.00000000e+00  0.00000000e+00  0.00000000e+00  0.00000000e+00  0.00000000e+00  0.00000000e+00  0.00000000e+00  0.00000000e+00  0.00000000e+00  1.00000000e+00  0.00000000e+00  0.00000000e+00  0.00000000e+00  0.00000000e+00  0.00000000e+00  -1.83392000e-01  0.00000000e+00  0.00000000e+00  0.00000000e+00  -1.61252000e-01  0.00000000e+00  0.00000000e+00  0.00000000e+00  -2.36690000e-02  0.00000000e+00  0.00000000e+00  0.00000000e+00  0.00000000e+00  -3.14243000e-01  0.00000000e+00  0.00000000e+00  0.00000000e+00  0.00000000e+00  0.00000000e+00  0.00000000e+00  0.00000000e+00  0.00000000e+00  0.00000000e+00  
0.00000000e+00  0.00000000e+00  0.00000000e+00  0.00000000e+00  0.00000000e+00  0.00000000e+00  0.00000000e+00  0.00000000e+00  0.00000000e+00  0.00000000e+00  0.00000000e+00  0.00000000e+00  0.00000000e+00  0.00000000e+00  0.00000000e+00  0.00000000e+00  0.00000000e+00  0.00000000e+00  1.00000000e+00  0.00000000e+00  0.00000000e+00  0.00000000e+00  0.00000000e+00  0.00000000e+00  0.00000000e+00  0.00000000e+00  0.00000000e+00  0.00000000e+00  0.00000000e+00  0.00000000e+00  0.00000000e+00  0.00000000e+00  0.00000000e+00  0.00000000e+00  0.00000000e+00  0.00000000e+00  0.00000000e+00  7.53228000e-02  0.00000000e+00  0.00000000e+00  0.00000000e+00  0.00000000e+00  0.00000000e+00  0.00000000e+00  0.00000000e+00  0.00000000e+00  
4.81399000e-06  1.94904000e-02  -4.26713000e-02  0.00000000e+00  0.00000000e+00  6.43636000e-02  -1.29620000e-01  0.00000000e+00  0.00000000e+00  5.27094000e-02  -5.55561000e-02  0.00000000e+00  0.00000000e+00  5.26767000e-02  1.13280000e-03  1.13280000e-03  0.00000000e+00  0.00000000e+00  0.00000000e+00  1.00000000e+00  2.19059000e-01  0.00000000e+00  0.00000000e+00  0.00000000e+00  1.84261000e-01  0.00000000e+00  0.00000000e+00  0.00000000e+00  6.97718000e-02  0.00000000e+00  0.00000000e+00  0.00000000e+00  7.91027000e-02  7.91027000e-02  7.91027000e-02  0.00000000e+00  0.00000000e+00  0.00000000e+00  4.30533000e-05  1.42782000e-02  4.30533000e-05  1.42782000e-02  3.20525000e-02  9.16644000e-02  3.20525000e-02  9.16644000e-02  
1.94904000e-02  2.03366000e-01  -2.82219000e-01  0.00000000e+00  0.00000000e+00  3.59351000e-01  -5.62375000e-01  0.00000000e+00  0.00000000e+00  3.09785000e-01  -3.03665000e-01  0.00000000e+00  0.00000000e+00  3.34402000e-01  9.28256000e-02  9.28256000e-02  0.00000000e+00  0.00000000e+00  0.00000000e+00  2.19059000e-01  1.00000000e+00  0.00000000e+00  0.00000000e+00  0.00000000e+00  8.12273000e-01  0.00000000e+00  0.00000000e+00  0.00000000e+00  4.02091000e-01  0.00000000e+00  0.00000000e+00  0.00000000e+00  7.10235000e-01  7.10235000e-01  7.10235000e-01  0.00000000e+00  0.00000000e+00  0.00000000e+00  7.89566000e-03  1.09874000e-01  7.89566000e-03  1.09874000e-01  2.70664000e-01  4.73962000e-01  2.70664000e-01  4.73962000e-01  
4.26713000e-02  2.82219000e-01  -3.33594000e-01  0.00000000e+00  0.00000000e+00  2.53511000e-01  -1.70740000e-01  0.00000000e+00  0.00000000e+00  6.73317000e-02  5.98522000e-02  0.00000000e+00  0.00000000e+00  4.13876000e-01  1.42160000e-01  1.42160000e-01  0.00000000e+00  0.00000000e+00  0.00000000e+00  0.00000000e+00  0.00000000e+00  1.00000000e+00  0.00000000e+00  0.00000000e+00  0.00000000e+00  5.69754000e-01  0.00000000e+00  0.00000000e+00  0.00000000e+00  1.64679000e-01  0.00000000e+00  0.00000000e+00  0.00000000e+00  0.00000000e+00  0.00000000e+00  0.00000000e+00  0.00000000e+00  0.00000000e+00  1.52645000e-02  1.02096000e-01  1.52645000e-02  1.02096000e-01  -1.90665000e-01  -1.38279000e-01  -1.90665000e-01  -1.38279000e-01  
0.00000000e+00  0.00000000e+00  0.00000000e+00  1.15814000e-01  0.00000000e+00  0.00000000e+00  0.00000000e+00  2.42739000e-01  0.00000000e+00  0.00000000e+00  0.00000000e+00  1.26532000e-01  0.00000000e+00  0.00000000e+00  0.00000000e+00  0.00000000e+00  -1.83392000e-01  0.00000000e+00  0.00000000e+00  0.00000000e+00  0.00000000e+00  0.00000000e+00  1.00000000e+00  0.00000000e+00  0.00000000e+00  0.00000000e+00  5.69754000e-01  0.00000000e+00  0.00000000e+00  0.00000000e+00  1.64679000e-01  0.00000000e+00  0.00000000e+00  0.00000000e+00  0.00000000e+00  0.00000000e+00  0.00000000e+00  0.00000000e+00  7.44992000e-03  4.98287000e-02  -7.44992000e-03  -4.98287000e-02  3.12763000e-01  2.26830000e-01  -3.12763000e-01  -2.26830000e-01  
0.00000000e+00  0.00000000e+00  0.00000000e+00  0.00000000e+00  1.15814000e-01  0.00000000e+00  0.00000000e+00  0.00000000e+00  2.42739000e-01  0.00000000e+00  0.00000000e+00  0.00000000e+00  1.26532000e-01  0.00000000e+00  0.00000000e+00  0.00000000e+00  0.00000000e+00  -1.83392000e-01  0.00000000e+00  0.00000000e+00  0.00000000e+00  0.00000000e+00  0.00000000e+00  1.00000000e+00  0.00000000e+00  0.00000000e+00  0.00000000e+00  5.69754000e-01  0.00000000e+00  0.00000000e+00  0.00000000e+00  1.64679000e-01  0.00000000e+00  0.00000000e+00  0.00000000e+00  0.00000000e+00  0.00000000e+00  0.00000000e+00  0.00000000e+00  0.00000000e+00  0.00000000e+00  0.00000000e+00  0.00000000e+00  0.00000000e+00  0.00000000e+00  0.00000000e+00  
6.43636000e-02  3.59351000e-01  -2.53511000e-01  0.00000000e+00  0.00000000e+00  5.79631000e-01  -6.05354000e-01  0.00000000e+00  0.00000000e+00  5.81168000e-01  -4.91037000e-01  0.00000000e+00  0.00000000e+00  3.53148000e-01  2.55918000e-01  2.55918000e-01  0.00000000e+00  0.00000000e+00  0.00000000e+00  1.84261000e-01  8.12273000e-01  0.00000000e+00  0.00000000e+00  0.00000000e+00  1.00000000e+00  0.00000000e+00  0.00000000e+00  0.00000000e+00  7.27666000e-01  0.00000000e+00  0.00000000e+00  0.00000000e+00  6.29936000e-01  6.29936000e-01  6.29936000e-01  0.00000000e+00  0.00000000e+00  0.00000000e+00  7.40737000e-02  2.62382000e-01  7.40737000e-02  2.62382000e-01  3.75116000e-01  7.02351000e-01  3.75116000e-01  7.02351000e-01  
1.29620000e-01  5.62375000e-01  -1.70740000e-01  0.00000000e+00  0.00000000e+00  6.05354000e-01  -5.25884000e-02  0.00000000e+00  0.00000000e+00  2.50193000e-01  2.58780000e-01  0.00000000e+00  0.00000000e+00  4.22973000e-01  4.41451000e-01  4.41451000e-01  0.00000000e+00  0.00000000e+00  0.00000000e+00  0.00000000e+00  0.00000000e+00  5.69754000e-01  0.00000000e+00  0.00000000e+00  0.00000000e+00  1.00000000e+00  0.00000000e+00  0.00000000e+00  0.00000000e+00  5.88690000e-01  0.00000000e+00  0.00000000e+00  0.00000000e+00  0.00000000e+00  0.00000000e+00  0.00000000e+00  0.00000000e+00  0.00000000e+00  1.76934000e-01  3.81297000e-01  1.76934000e-01  3.81297000e-01  -2.67879000e-01  -3.03675000e-01  -2.67879000e-01  -3.03675000e-01  
0.00000000e+00  0.00000000e+00  0.00000000e+00  2.42739000e-01  0.00000000e+00  0.00000000e+00  0.00000000e+00  5.79631000e-01  0.00000000e+00  0.00000000e+00  0.00000000e+00  4.70171000e-01  0.00000000e+00  0.00000000e+00  0.00000000e+00  0.00000000e+00  -1.61252000e-01  0.00000000e+00  0.00000000e+00  0.00000000e+00  0.00000000e+00  0.00000000e+00  5.69754000e-01  0.00000000e+00  0.00000000e+00  0.00000000e+00  1.00000000e+00  0.00000000e+00  0.00000000e+00  0.00000000e+00  5.88690000e-01  0.00000000e+00  0.00000000e+00  0.00000000e+00  0.00000000e+00  0.00000000e+00  0.00000000e+00  0.00000000e+00  8.63532000e-02  1.86094000e-01  -8.63532000e-02  -1.86094000e-01  4.39422000e-01  4.98140000e-01  -4.39422000e-01  -4.98140000e-01  
0.00000000e+00  0.00000000e+00  0.00000000e+00  0.00000000e+00  2.42739000e-01  0.00000000e+00  0.00000000e+00  0.00000000e+00  5.79631000e-01  0.00000000e+00  0.00000000e+00  0.00000000e+00  4.70171000e-01  0.00000000e+00  0.00000000e+00  0.00000000e+00  0.00000000e+00  -1.61252000e-01  0.00000000e+00  0.00000000e+00  0.00000000e+00  0.00000000e+00  0.00000000e+00  5.69754000e-01  0.00000000e+00  0.00000000e+00  0.00000000e+00  1.00000000e+00  0.00000000e+00  0.00000000e+00  0.00000000e+00  5.88690000e-01  0.00000000e+00  0.00000000e+00  0.00000000e+00  0.00000000e+00  0.00000000e+00  0.00000000e+00  0.00000000e+00  0.00000000e+00  0.00000000e+00  0.00000000e+00  0.00000000e+00  0.00000000e+00  0.00000000e+00  0.00000000e+00  
5.27094000e-02  3.09785000e-01  -6.73317000e-02  0.00000000e+00  0.00000000e+00  5.81168000e-01  -2.50193000e-01  0.00000000e+00  0.00000000e+00  8.67984000e-01  -4.61882000e-01  0.00000000e+00  0.00000000e+00  2.54635000e-01  2.47363000e-01  2.47363000e-01  0.00000000e+00  0.00000000e+00  0.00000000e+00  6.97718000e-02  4.02091000e-01  0.00000000e+00  0.00000000e+00  0.00000000e+00  7.27666000e-01  0.00000000e+00  0.00000000e+00  0.00000000e+00  1.00000000e+00  0.00000000e+00  0.00000000e+00  0.00000000e+00  3.23540000e-01  3.23540000e-01  3.23540000e-01  0.00000000e+00  0.00000000e+00  0.00000000e+00  1.58045000e-01  4.24412000e-01  1.58045000e-01  4.24412000e-01  2.58482000e-01  6.40357000e-01  2.58482000e-01  6.40357000e-01  
5.55561000e-02  3.03665000e-01  5.98522000e-02  0.00000000e+00  0.00000000e+00  4.91037000e-01  2.58780000e-01  0.00000000e+00  0.00000000e+00  4.61882000e-01  6.22202000e-01  0.00000000e+00  0.00000000e+00  2.29601000e-01  2.49594000e-01  2.49594000e-01  0.00000000e+00  0.00000000e+00  0.00000000e+00  0.00000000e+00  0.00000000e+00  1.64679000e-01  0.00000000e+00  0.00000000e+00  0.00000000e+00  5.88690000e-01  0.00000000e+00  0.00000000e+00  0.00000000e+00  1.00000000e+00  0.00000000e+00  0.00000000e+00  0.00000000e+00  0.00000000e+00  0.00000000e+00  0.00000000e+00  0.00000000e+00  0.00000000e+00  2.25200000e-01  5.05665000e-01  2.25200000e-01  5.05665000e-01  -1.09596000e-01  -2.26998000e-01  -1.09596000e-01  -2.26998000e-01  
0.00000000e+00  0.00000000e+00  0.00000000e+00  1.26532000e-01  0.00000000e+00  0.00000000e+00  0.00000000e+00  4.70171000e-01  0.00000000e+00  0.00000000e+00  0.00000000e+00  8.67984000e-01  0.00000000e+00  0.00000000e+00  0.00000000e+00  0.00000000e+00  -2.36690000e-02  0.00000000e+00  0.00000000e+00  0.00000000e+00  0.00000000e+00  0.00000000e+00  1.64679000e-01  0.00000000e+00  0.00000000e+00  0.00000000e+00  5.88690000e-01  0.00000000e+00  0.00000000e+00  0.00000000e+00  1.00000000e+00  0.00000000e+00  0.00000000e+00  0.00000000e+00  0.00000000e+00  0.00000000e+00  0.00000000e+00  0.00000000e+00  1.09910000e-01  2.46792000e-01  -1.09910000e-01  -2.46792000e-01  1.79778000e-01  3.72362000e-01  -1.79778000e-01  -3.72362000e-01  
0.00000000e+00  0.00000000e+00  0.00000000e+00  0.00000000e+00  1.26532000e-01  0.00000000e+00  0.00000000e+00  0.00000000e+00  4.70171000e-01  0.00000000e+00  0.00000000e+00  0.00000000e+00  8.67984000e-01  0.00000000e+00  0.00000000e+00  0.00000000e+00  0.00000000e+00  -2.36690000e-02  0.00000000e+00  0.00000000e+00  0.00000000e+00  0.00000000e+00  0.00000000e+00  1.64679000e-01  0.00000000e+00  0.00000000e+00  0.00000000e+00  5.88690000e-01  0.00000000e+00  0.00000000e+00  0.00000000e+00  1.00000000e+00  0.00000000e+00  0.00000000e+00  0.00000000e+00  0.00000000e+00  0.00000000e+00  0.00000000e+00  0.00000000e+00  0.00000000e+00  0.00000000e+00  0.00000000e+00  0.00000000e+00  0.00000000e+00  0.00000000e+00  0.00000000e+00  
5.26767000e-02  3.34402000e-01  -4.13876000e-01  0.00000000e+00  0.00000000e+00  3.53148000e-01  -4.22973000e-01  0.00000000e+00  0.00000000e+00  2.54635000e-01  -2.29601000e-01  0.00000000e+00  0.00000000e+00  4.87216000e-01  1.54963000e-01  1.54963000e-01  0.00000000e+00  0.00000000e+00  0.00000000e+00  7.91027000e-02  7.10235000e-01  0.00000000e+00  0.00000000e+00  0.00000000e+00  6.29936000e-01  0.00000000e+00  0.00000000e+00  0.00000000e+00  3.23540000e-01  0.00000000e+00  0.00000000e+00  0.00000000e+00  1.00000000e+00  3.33333000e-01  3.33333000e-01  0.00000000e+00  0.00000000e+00  0.00000000e+00  1.37730000e-02  1.20267000e-01  1.37730000e-02  1.20267000e-01  2.07129000e-01  3.71459000e-01  2.07129000e-01  3.71459000e-01  
1.13280000e-03  9.28256000e-02  -1.42160000e-01  0.00000000e+00  0.00000000e+00  2.55918000e-01  -4.41451000e-01  0.00000000e+00  0.00000000e+00  2.47363000e-01  -2.49594000e-01  0.00000000e+00  0.00000000e+00  1.54963000e-01  7.53228000e-02  2.51076000e-02  0.00000000e+00  0.00000000e+00  0.00000000e+00  7.91027000e-02  7.10235000e-01  0.00000000e+00  0.00000000e+00  0.00000000e+00  6.29936000e-01  0.00000000e+00  0.00000000e+00  0.00000000e+00  3.23540000e-01  0.00000000e+00  0.00000000e+00  0.00000000e+00  3.33333000e-01  1.00000000e+00  3.33333000e-01  0.00000000e+00  0.00000000e+00  0.00000000e+00  4.51326000e-03  8.22582000e-02  4.51326000e-03  8.22582000e-02  3.61177000e-01  4.08549000e-01  3.61177000e-01  4.08549000e-01  
1.13280000e-03  9.28256000e-02  -1.42160000e-01  0.00000000e+00  0.00000000e+00  2.55918000e-01  -4.41451000e-01  0.00000000e+00  0.00000000e+00  2.47363000e-01  -2.49594000e-01  0.00000000e+00  0.00000000e+00  1.54963000e-01  2.51076000e-02  7.53228000e-02  0.00000000e+00  0.00000000e+00  0.00000000e+00  7.91027000e-02  7.10235000e-01  0.00000000e+00  0.00000000e+00  0.00000000e+00  6.29936000e-01  0.00000000e+00  0.00000000e+00  0.00000000e+00  3.23540000e-01  0.00000000e+00  0.00000000e+00  0.00000000e+00  3.33333000e-01  3.33333000e-01  1.00000000e+00  0.00000000e+00  0.00000000e+00  0.00000000e+00  1.61797000e-03  7.03737000e-02  1.61797000e-03  7.03737000e-02  1.16021000e-01  3.49523000e-01  1.16021000e-01  3.49523000e-01  
0.00000000e+00  0.00000000e+00  0.00000000e+00  1.83392000e-01  0.00000000e+00  0.00000000e+00  0.00000000e+00  1.61252000e-01  0.00000000e+00  0.00000000e+00  0.00000000e+00  2.36690000e-02  0.00000000e+00  0.00000000e+00  0.00000000e+00  0.00000000e+00  -3.14243000e-01  0.00000000e+00  0.00000000e+00  0.00000000e+00  0.00000000e+00  0.00000000e+00  0.00000000e+00  0.00000000e+00  0.00000000e+00  0.00000000e+00  0.00000000e+00  0.00000000e+00  0.00000000e+00  0.00000000e+00  0.00000000e+00  0.00000000e+00  0.00000000e+00  0.00000000e+00  0.00000000e+00  1.00000000e+00  0.00000000e+00  0.00000000e+00  1.02751000e-02  4.21768000e-02  -1.02751000e-02  -4.21768000e-02  -2.58857000e-01  -6.23253000e-02  2.58857000e-01  6.23253000e-02  
0.00000000e+00  0.00000000e+00  0.00000000e+00  0.00000000e+00  1.83392000e-01  0.00000000e+00  0.00000000e+00  0.00000000e+00  1.61252000e-01  0.00000000e+00  0.00000000e+00  0.00000000e+00  2.36690000e-02  0.00000000e+00  0.00000000e+00  0.00000000e+00  0.00000000e+00  -3.14243000e-01  0.00000000e+00  0.00000000e+00  0.00000000e+00  0.00000000e+00  0.00000000e+00  0.00000000e+00  0.00000000e+00  0.00000000e+00  0.00000000e+00  0.00000000e+00  0.00000000e+00  0.00000000e+00  0.00000000e+00  0.00000000e+00  0.00000000e+00  0.00000000e+00  0.00000000e+00  0.00000000e+00  1.00000000e+00  0.00000000e+00  0.00000000e+00  0.00000000e+00  0.00000000e+00  0.00000000e+00  0.00000000e+00  0.00000000e+00  0.00000000e+00  0.00000000e+00  
0.00000000e+00  0.00000000e+00  0.00000000e+00  0.00000000e+00  0.00000000e+00  0.00000000e+00  0.00000000e+00  0.00000000e+00  0.00000000e+00  0.00000000e+00  0.00000000e+00  0.00000000e+00  0.00000000e+00  0.00000000e+00  0.00000000e+00  0.00000000e+00  0.00000000e+00  0.00000000e+00  7.53228000e-02  0.00000000e+00  0.00000000e+00  0.00000000e+00  0.00000000e+00  0.00000000e+00  0.00000000e+00  0.00000000e+00  0.00000000e+00  0.00000000e+00  0.00000000e+00  0.00000000e+00  0.00000000e+00  0.00000000e+00  0.00000000e+00  0.00000000e+00  0.00000000e+00  0.00000000e+00  0.00000000e+00  1.00000000e+00  0.00000000e+00  0.00000000e+00  0.00000000e+00  0.00000000e+00  0.00000000e+00  0.00000000e+00  0.00000000e+00  0.00000000e+00  
3.20525000e-02  2.70664000e-01  1.90665000e-01  3.12763000e-01  0.00000000e+00  3.75116000e-01  2.67879000e-01  4.39422000e-01  0.00000000e+00  2.58482000e-01  1.09596000e-01  1.79778000e-01  0.00000000e+00  2.07129000e-01  3.61177000e-01  1.16021000e-01  2.58857000e-01  0.00000000e+00  0.00000000e+00  4.30533000e-05  7.89566000e-03  1.52645000e-02  7.44992000e-03  0.00000000e+00  7.40737000e-02  1.76934000e-01  8.63532000e-02  0.00000000e+00  1.58045000e-01  2.25200000e-01  1.09910000e-01  0.00000000e+00  1.37730000e-02  4.51326000e-03  1.61797000e-03  1.02751000e-02  0.00000000e+00  0.00000000e+00  1.00000000e+00  6.58292000e-01  1.25798000e-02  1.28011000e-01  5.71644000e-04  3.66357000e-02  1.04764000e-05  7.20595000e-03  
9.16644000e-02  4.73962000e-01  1.38279000e-01  2.26830000e-01  0.00000000e+00  7.02351000e-01  3.03675000e-01  4.98140000e-01  0.00000000e+00  6.40357000e-01  2.26998000e-01  3.72362000e-01  0.00000000e+00  3.71459000e-01  4.08549000e-01  3.49523000e-01  6.23253000e-02  0.00000000e+00  0.00000000e+00  1.42782000e-02  1.09874000e-01  1.02096000e-01  4.98287000e-02  0.00000000e+00  2.62382000e-01  3.81297000e-01  1.86094000e-01  0.00000000e+00  4.24412000e-01  5.05665000e-01  2.46792000e-01  0.00000000e+00  1.20267000e-01  8.22582000e-02  7.03737000e-02  4.21768000e-02  0.00000000e+00  0.00000000e+00  6.58292000e-01  1.00000000e+00  1.28011000e-01  3.65469000e-01  3.66357000e-02  1.68873000e-01  7.20595000e-03  6.17177000e-02  
3.20525000e-02  2.70664000e-01  1.90665000e-01  -3.12763000e-01  0.00000000e+00  3.75116000e-01  2.67879000e-01  -4.39422000e-01  0.00000000e+00  2.58482000e-01  1.09596000e-01  -1.79778000e-01  0.00000000e+00  2.07129000e-01  3.61177000e-01  1.16021000e-01  -2.58857000e-01  0.00000000e+00  0.00000000e+00  4.30533000e-05  7.89566000e-03  1.52645000e-02  -7.44992000e-03  0.00000000e+00  7.40737000e-02  1.76934000e-01  -8.63532000e-02  0.00000000e+00  1.58045000e-01  2.25200000e-01  -1.09910000e-01  0.00000000e+00  1.37730000e-02  4.51326000e-03  1.61797000e-03  -1.02751000e-02  0.00000000e+00  0.00000000e+00  1.25798000e-02  1.28011000e-01  1.00000000e+00  6.58292000e-01  1.04764000e-05  7.20595000e-03  5.71644000e-04  3.66357000e-02  
9.16644000e-02  4.73962000e-01  1.38279000e-01  -2.26830000e-01  0.00000000e+00  7.02351000e-01  3.03675000e-01  -4.98140000e-01  0.00000000e+00  6.40357000e-01  2.26998000e-01  -3.72362000e-01  0.00000000e+00  3.71459000e-01  4.08549000e-01  3.49523000e-01  -6.23253000e-02  0.00000000e+00  0.00000000e+00  1.42782000e-02  1.09874000e-01  1.02096000e-01  -4.98287000e-02  0.00000000e+00  2.62382000e-01  3.81297000e-01  -1.86094000e-01  0.00000000e+00  4.24412000e-01  5.05665000e-01  -2.46792000e-01  0.00000000e+00  1.20267000e-01  8.22582000e-02  7.03737000e-02  -4.21768000e-02  0.00000000e+00  0.00000000e+00  1.28011000e-01  3.65469000e-01  6.58292000e-01  1.00000000e+00  7.20595000e-03  6.17177000e-02  3.66357000e-02  1.68873000e-01  
4.30533000e-05  7.89566000e-03  -1.52645000e-02  7.44992000e-03  0.00000000e+00  7.40737000e-02  -1.76934000e-01  8.63532000e-02  0.00000000e+00  1.58045000e-01  -2.25200000e-01  1.09910000e-01  0.00000000e+00  1.37730000e-02  4.51326000e-03  1.61797000e-03  -1.02751000e-02  0.00000000e+00  0.00000000e+00  3.20525000e-02  2.70664000e-01  -1.90665000e-01  3.12763000e-01  0.00000000e+00  3.75116000e-01  -2.67879000e-01  4.39422000e-01  0.00000000e+00  2.58482000e-01  -1.09596000e-01  1.79778000e-01  0.00000000e+00  2.07129000e-01  3.61177000e-01  1.16021000e-01  -2.58857000e-01  0.00000000e+00  0.00000000e+00  5.71644000e-04  3.66357000e-02  1.04764000e-05  7.20595000e-03  1.00000000e+00  6.58292000e-01  1.25798000e-02  1.28011000e-01  
1.42782000e-02  1.09874000e-01  -1.02096000e-01  4.98287000e-02  0.00000000e+00  2.62382000e-01  -3.81297000e-01  1.86094000e-01  0.00000000e+00  4.24412000e-01  -5.05665000e-01  2.46792000e-01  0.00000000e+00  1.20267000e-01  8.22582000e-02  7.03737000e-02  -4.21768000e-02  0.00000000e+00  0.00000000e+00  9.16644000e-02  4.73962000e-01  -1.38279000e-01  2.26830000e-01  0.00000000e+00  7.02351000e-01  -3.03675000e-01  4.98140000e-01  0.00000000e+00  6.40357000e-01  -2.26998000e-01  3.72362000e-01  0.00000000e+00  3.71459000e-01  4.08549000e-01  3.49523000e-01  -6.23253000e-02  0.00000000e+00  0.00000000e+00  3.66357000e-02  1.68873000e-01  7.20595000e-03  6.17177000e-02  6.58292000e-01  1.00000000e+00  1.28011000e-01  3.65469000e-01  
4.30533000e-05  7.89566000e-03  -1.52645000e-02  -7.44992000e-03  0.00000000e+00  7.40737000e-02  -1.76934000e-01  -8.63532000e-02  0.00000000e+00  1.58045000e-01  -2.25200000e-01  -1.09910000e-01  0.00000000e+00  1.37730000e-02  4.51326000e-03  1.61797000e-03  1.02751000e-02  0.00000000e+00  0.00000000e+00  3.20525000e-02  2.70664000e-01  -1.90665000e-01  -3.12763000e-01  0.00000000e+00  3.75116000e-01  -2.67879000e-01  -4.39422000e-01  0.00000000e+00  2.58482000e-01  -1.09596000e-01  -1.79778000e-01  0.00000000e+00  2.07129000e-01  3.61177000e-01  1.16021000e-01  2.58857000e-01  0.00000000e+00  0.00000000e+00  1.04764000e-05  7.20595000e-03  5.71644000e-04  3.66357000e-02  1.25798000e-02  1.28011000e-01  1.00000000e+00  6.58292000e-01  
1.42782000e-02  1.09874000e-01  -1.02096000e-01  -4.98287000e-02  0.00000000e+00  2.62382000e-01  -3.81297000e-01  -1.86094000e-01  0.00000000e+00  4.24412000e-01  -5.05665000e-01  -2.46792000e-01  0.00000000e+00  1.20267000e-01  8.22582000e-02  7.03737000e-02  4.21768000e-02  0.00000000e+00  0.00000000e+00  9.16644000e-02  4.73962000e-01  -1.38279000e-01  -2.26830000e-01  0.00000000e+00  7.02351000e-01  -3.03675000e-01  -4.98140000e-01  0.00000000e+00  6.40357000e-01  -2.26998000e-01  -3.72362000e-01  0.00000000e+00  3.71459000e-01  4.08549000e-01  3.49523000e-01  6.23253000e-02  0.00000000e+00  0.00000000e+00  7.20595000e-03  6.17177000e-02  3.66357000e-02  1.68873000e-01  1.28011000e-01  3.65469000e-01  6.58292000e-01  1.00000000e+00  
